place(-8.511, 4.040, 41.865, "Shotgunner", 300)
SetTarget(-8.511, 5.390, 41.865, "Last")
place(-11.613, 4.040, 47.426, "Shotgunner", 300)
upgrade(-11.613, 5.390, 47.426, 150)
upgrade(-8.511, 5.390, 41.865, 150)
place(-13.609, 4.040, 47.035, "Shotgunner", 300)
upgrade(-13.609, 5.390, 47.035, 150)
place(-11.710, 4.040, 49.637, "Shotgunner", 300)
upgrade(-11.710, 5.390, 49.637, 150)
place(-13.648, 4.040, 49.120, "Shotgunner", 300)
upgrade(-13.648, 5.390, 49.120, 150)
upgrade(-11.710, 5.390, 49.637, 950)
upgrade(-11.613, 5.390, 47.426, 950)
upgrade(-13.648, 5.390, 49.120, 950)
upgrade(-8.511, 5.390, 41.865, 950)
upgrade(-13.609, 5.390, 47.035, 950)
place(-15.791, 4.040, 35.430, "Hunter", 750)
upgrade(-15.791, 5.390, 35.430, 200)
upgrade(-15.791, 5.390, 35.430, 800)
place(-12.735, 4.040, 35.774, "Hunter", 750)
upgrade(-12.735, 5.390, 35.774, 200)
upgrade(-12.735, 5.390, 35.774, 800)
place(-9.711, 4.040, 35.433, "Hunter", 750)
upgrade(-9.711, 5.390, 35.433, 200)
upgrade(-9.711, 5.390, 35.433, 800)
place(-6.641, 4.000, 35.246, "Hunter", 750)
upgrade(-6.641, 5.350, 35.246, 200)
upgrade(-6.641, 5.350, 35.246, 800)
place(-3.565, 4.040, 35.725, "Hunter", 750)
upgrade(-3.565, 5.390, 35.725, 200)
upgrade(-3.565, 5.390, 35.725, 800)
place(-0.387, 4.040, 35.751, "Hunter", 750)
upgrade(-0.387, 5.390, 35.751, 200)
upgrade(-0.387, 5.390, 35.751, 800)
place(2.629, 4.040, 35.928, "Hunter", 750)
upgrade(2.629, 5.390, 35.928, 200)
upgrade(2.629, 5.390, 35.928, 800)
place(-16.215, 4.040, 38.489, "Hunter", 750)
upgrade(-16.215, 5.390, 38.489, 200)
upgrade(-16.215, 5.390, 38.489, 800)
place(-12.981, 4.040, 38.887, "Hunter", 750)
upgrade(-12.981, 5.390, 38.887, 200)
upgrade(-12.981, 5.390, 38.887, 800)
place(-9.790, 4.040, 38.539, "Hunter", 750)
upgrade(-9.790, 5.390, 38.539, 200)
upgrade(-9.790, 5.390, 38.539, 800)
place(-6.785, 4.040, 38.394, "Hunter", 750)
upgrade(-6.785, 5.390, 38.394, 200)
upgrade(-6.785, 5.390, 38.394, 800)
place(-3.503, 4.040, 38.980, "Hunter", 750)
upgrade(-3.503, 5.390, 38.980, 200)
upgrade(-3.503, 5.390, 38.980, 800)
place(-0.273, 4.040, 38.816, "Hunter", 750)
upgrade(-13.609, 5.390, 47.035, 2500)
upgrade(-11.613, 5.390, 47.426, 2500)
upgrade(-11.710, 5.390, 49.637, 2500)
upgrade(-13.648, 5.390, 49.120, 2500)
upgrade(-8.511, 5.390, 41.865, 2500)
upgrade(-15.791, 5.390, 35.430, 3250)
upgrade(-12.735, 5.390, 35.774, 3250)
upgrade(-9.711, 5.390, 35.433, 3250)
upgrade(-6.641, 5.350, 35.246, 3250)
upgrade(-3.565, 5.390, 35.725, 3250)
upgrade(-0.387, 5.390, 35.751, 3250)
upgrade(2.629, 5.390, 35.928, 3250)
SetTarget(-15.791, 5.390, 35.430, "Last")
SetTarget(-15.791, 5.390, 35.430, "Strongest")
SetTarget(-12.735, 5.390, 35.774, "Last")
SetTarget(-12.735, 5.390, 35.774, "Strongest")
SetTarget(-9.711, 5.390, 35.433, "Last")
SetTarget(-9.711, 5.390, 35.433, "Strongest")
SetTarget(-6.641, 5.350, 35.246, "Last")
SetTarget(-6.641, 5.350, 35.246, "Strongest")
upgrade(-16.215, 5.390, 38.489, 3250)
upgrade(-12.981, 5.390, 38.887, 3250)
upgrade(-9.790, 5.390, 38.539, 3250)
upgrade(-6.785, 5.390, 38.394, 3250)
upgrade(-3.503, 5.390, 38.980, 3250)
place(-1.872, 3.000, 20.744, "Trapper", 500)
upgrade(-1.872, 4.350, 20.744, 500)
upgrade(-1.872, 4.350, 20.744, 1500)
place(-1.732, 3.000, 17.708, "Trapper", 500)
upgrade(-1.732, 4.350, 17.708, 500)
upgrade(-1.732, 4.350, 17.708, 1500)
place(-2.052, 3.000, 14.679, "Trapper", 500)
upgrade(-2.052, 4.350, 14.679, 500)
upgrade(-2.052, 4.350, 14.679, 1500)
place(-2.291, 3.000, 11.613, "Trapper", 500)
upgrade(-2.291, 4.350, 11.613, 500)
upgrade(-2.291, 4.350, 11.613, 1500)
place(-5.560, 3.000, 11.548, "Trapper", 500)
upgrade(-5.560, 4.350, 11.548, 500)
upgrade(-5.560, 4.350, 11.548, 1500)
SetTrap(-5.560, 4.350, 11.548, "Landmine", 2015)
SetTrap(-2.052, 4.350, 14.679, "Landmine", 2015)
SetTrap(-2.291, 4.350, 11.613, "Landmine", 2815)
SetTrap(-1.732, 4.350, 17.708, "Landmine", 13142)
SetTrap(-1.872, 4.350, 20.744, "Landmine", 13142)
place(-8.593, 3.000, 11.635, "Trapper", 500)
upgrade(-8.593, 4.350, 11.635, 500)
upgrade(-8.593, 4.350, 11.635, 1500)
SetTrap(-8.593, 4.350, 11.635, "Landmine", 12937)
upgrade(-15.791, 5.390, 35.430, 9400)
upgrade(-12.735, 5.390, 35.774, 9400)
upgrade(-9.711, 5.390, 35.433, 9400)
upgrade(-6.641, 5.350, 35.246, 9400)
upgrade(-3.565, 5.390, 35.725, 9400)
upgrade(-0.387, 5.390, 35.751, 9400)
upgrade(2.629, 5.390, 35.928, 9400)
upgrade(-16.215, 5.390, 38.489, 9400)
upgrade(-12.981, 5.390, 38.887, 9400)
upgrade(-9.790, 5.390, 38.539, 9400)
upgrade(-6.785, 5.390, 38.394, 9400)
upgrade(-3.503, 5.390, 38.980, 9400)
place(-7.701, 3.000, 17.111, "Trapper", 500)
upgrade(-7.701, 4.350, 17.111, 500)
upgrade(-7.701, 4.350, 17.111, 1500)
SetTrap(-7.701, 4.350, 17.111, "Landmine", 253)
place(-7.436, 3.000, 20.586, "Trapper", 500)
place(-22.789, 4.040, 44.978, "Shotgunner", 300)
upgrade(-22.789, 5.390, 44.978, 150)
upgrade(-22.789, 5.390, 44.978, 950)
upgrade(-22.789, 5.390, 44.978, 2500)
place(-22.935, 4.040, 42.938, "Shotgunner", 300)
upgrade(-22.935, 5.390, 42.938, 150)
upgrade(-22.935, 5.390, 42.938, 950)
upgrade(-22.935, 5.390, 42.938, 2500)
place(-22.992, 4.040, 40.811, "Shotgunner", 300)
upgrade(-22.992, 5.390, 40.811, 150)
upgrade(-22.992, 5.390, 40.811, 950)
upgrade(-22.992, 5.390, 40.811, 2500)
place(-22.454, 4.040, 38.870, "Shotgunner", 300)
upgrade(-22.454, 5.390, 38.870, 150)
upgrade(-22.454, 5.390, 38.870, 950)
upgrade(-22.454, 5.390, 38.870, 2500)
place(-10.366, 3.000, 17.709, "Shotgunner", 300)
upgrade(-10.366, 4.350, 17.709, 150)
upgrade(-10.366, 4.350, 17.709, 950)
upgrade(-10.366, 4.350, 17.709, 2500)
place(-12.455, 3.000, 17.682, "Shotgunner", 300)
upgrade(-12.455, 4.350, 17.682, 150)
upgrade(-12.455, 4.350, 17.682, 950)
upgrade(-12.455, 4.350, 17.682, 2500)
SetTarget(-3.565, 5.390, 35.725, "Last")
SetTarget(-3.565, 5.390, 35.725, "Strongest")
SetTarget(-0.387, 5.390, 35.751, "Last")
SetTarget(-0.387, 5.390, 35.751, "Strongest")
SetTarget(2.629, 5.390, 35.928, "Last")
SetTarget(2.629, 5.390, 35.928, "Strongest")
SetTarget(-16.215, 5.390, 38.489, "Last")
SetTarget(-16.215, 5.390, 38.489, "Last")
SetTarget(-16.215, 5.390, 38.489, "Strongest")
SetTarget(-12.981, 5.390, 38.887, "Last")
SetTarget(-12.981, 5.390, 38.887, "Strongest")
upgrade(-7.701, 4.350, 17.111, 5000)
upgrade(-1.872, 4.350, 20.744, 5000)
upgrade(-1.732, 4.350, 17.708, 5000)
upgrade(-2.052, 4.350, 14.679, 5000)
upgrade(-2.291, 4.350, 11.613, 5000)
place(-7.929, 3.000, 20.181, "Shotgunner", 300)
upgrade(-7.929, 4.350, 20.181, 150)
upgrade(-7.929, 4.350, 20.181, 950)
upgrade(-7.929, 4.350, 20.181, 2500)
place(-7.607, 3.000, 23.005, "Shotgunner", 300)
upgrade(-7.607, 4.350, 23.005, 150)
upgrade(-7.607, 4.350, 23.005, 950)
place(-10.058, 3.000, 20.006, "Shotgunner", 300)
upgrade(-10.058, 4.350, 20.006, 150)
upgrade(-10.058, 4.350, 20.006, 950)
upgrade(-10.058, 4.350, 20.006, 2500)
upgrade(-10.058, 4.350, 20.006, 6500)
upgrade(-10.058, 4.350, 20.006, 2630)
